correct
1.3740036487579346
5.5638744831085205
12.884714841842651
22.60224986076355
35.55262351036072
51.14432764053345
70.50681805610657
91.7075080871582
116.23469567298889
143.1459457874298
nearly
1.5298616886138916
6.192824602127075
14.15893292427063
25.53017807006836
40.60404181480408
58.68081331253052
80.06718707084656
104.60253500938416
133.1595003604889
164.7800965309143
random
2.582831621170044
10.473325490951538
24.10098886489868
43.39745783805847
86.84411978721619
100.77805614471436
137.3027811050415
181.2184031009674
230.31274104118347
284.7495472431183
reverse
3.061077356338501
12.280430555343628
27.96117901802063
50.470778465270996
78.99591708183289
113.61229205131531
155.69841074943542
203.8317847251892
257.7978980541229
322.8816466331482
