correct
0.019489049911499023
0.04210186004638672
0.06130790710449219
0.09284353256225586
0.12380456924438477
0.1465773582458496
0.17529082298278809
0.19043183326721191
0.22167325019836426
0.23921966552734375
nearly
0.017642498016357422
0.038907527923583984
0.0614323616027832
0.08504629135131836
0.11442732810974121
0.13521528244018555
0.15912723541259766
0.19152307510375977
0.21143698692321777
0.23981308937072754
random
0.005700162887573242
0.015780746459960937
0.030604528427124020
0.040367679595947221
0.053704059600830032
0.06365833663940431
0.08141981697082534
0.094177253723144512
0.118961811065673244
0.143129253387451112
reverse
0.016357421875
0.034995317459106445
0.06277632713317871
0.08038949966430664
0.1080317497253418
0.12949824333190918
0.15863323211669922
0.1772780418395996
0.19557404518127441
0.22365546226501465
