correct
0.0005886554718017578
0.0010786056518554688
0.0016644001007080078
0.002160310745239258
0.0027599334716796875
0.0033960342407226562
0.003885030746459961
0.0042877197265625
0.0048694610595703125
0.005281209945678711
nearly
0.1358046531677246
0.5728166103363037
1.1936373710632324
2.1714184284210205
3.5334808826446533
4.949240207672119
6.755926609039307
8.911266088485718
11.243212699890137
14.124897480010986
random
1.074505090713501
4.361664772033691
9.975590705871582
18.53577446937561
30.0810444355011
45.48040437698364
64.17724776268005
84.46903467178345
108.64731478691101
135.99718046188354
reverse
2.1377334594726562
8.668468475341797
19.822546005249023
36.12268114089966
56.31420397758484
81.39716506004333
110.75115585327148
144.99120211601257
183.84273743629456
226.31426811218262
