correct
0.007879495620727539
0.016486644744873047
0.026964426040649414
0.0367889404296875
0.04581117630004883
0.054781436920166016
0.06542849540710449
0.07913708686828613
0.08507871627807617
0.09557747840881348
nearly
0.012517452239990234
0.02519989013671875
0.03506827354431152
0.05169987678527832
0.06634330749511719
0.07681679725646973
0.09103918075561523
0.10509181022644043
0.12095022201538086
0.13425302505493164
random
0.012445926666259766
0.027105331420898438
0.04065704345703125
0.056453704833984375
0.07613420486450195
0.08932709693908691
0.104400634765625
0.12255716323852539
0.13876819610595703
0.1535344123840332
reverse
0.007921695709228516
0.01656508445739746
0.026575088500976562
0.03557014465332031
0.046616554260253906
0.05487656593322754
0.06682753562927246
0.07821941375732422
0.09044384956359863
0.09806561470031738
