correct
0.007899045944213867
0.01627182960510254
0.022727489471435547
0.030841350555419922
0.04468822479248047
0.049111127853393555
0.05971240997314453
0.06665158271789551
0.07953190803527832
0.0935063362121582
nearly
0.007458925247192383
0.01646113395690918
0.025889873504638672
0.03407025337219238
0.04657459259033203
0.05618143081665039
0.06619739532470703
0.07675719261169434
0.08507633209228516
0.0969092845916748
random
0.010820388793945312
0.02388787269592285
0.03564620018005371
0.05091404914855957
0.064788818359375
0.08392858505249023
0.09701323509216309
0.1149599552154541
0.13386178016662598
0.14406204223632812
reverse
0.007195472717285156
0.015818357467651367
0.022006750106811523
0.03558802604675293
0.040033578872680664
0.05102825164794922
0.056586503982543945
0.06923937797546387
0.08814144134521484
0.08844327926635742
