correct
1.2117805480957031
4.680780649185181
14.847181558609009
18.6613187789917
31.069798469543457
43.27107834815979
59.67987895011902
70.95771884918213
85.64262294769287
102.17320251464844
nearly
1.0417578220367432
4.087023735046387
9.418144941329956
16.437015533447266
26.02400827407837
37.52482604980469
51.35459804534912
67.11748433113098
85.84158253669739
105.481196641922
random
1.0095148086547852
4.0498833656311035
9.53408145904541
17.25973916053772
28.31314754486084
41.84565043449402
57.30624461174011
75.98729705810547
96.63131165504456
120.39912796020508
reverse
1.0826613903045654
4.339580535888672
9.916075468063354
17.801767826080322
28.085593461990356
40.68960189819336
55.82115626335144
72.784752368927
92.69395661354065
114.66210007667542
