correct
0.005945920944213867
0.011095046997070312
0.017784833908081055
0.025168418884277344
0.03225088119506836
0.03973841667175293
0.047270774841308594
0.053227901458740234
0.06718325614929199
0.07404613494873047
nearly
0.011053800582885742
0.025259017944335938
0.042926788330078125
0.057772159576416016
0.07777261734008789
0.09798908233642578
0.1144416332244873
0.15099477767944336
0.15606379508972168
0.18518304824829102
random
0.013859748840332031
0.032010793685913086
0.05231618881225586
0.07679057121276855
0.0974576473236084
0.11796689033508301
0.14378976821899414
0.1888563632965088
0.20118093490600586
0.23117399215698242
reverse
0.007097721099853516
0.01609945297241211
0.02484607696533203
0.03998398780822754
0.042695045471191406
0.05427289009094238
0.06595373153686523
0.08867597579956055
0.08604168891906738
0.09501004219055176
