correct
0.003416299819946289
0.007476806640625
0.012055397033691406
0.016501188278198242
0.02237844467163086
0.026606082916259766
0.03369307518005371
0.038527727127075195
0.046277761459350586
0.05147218704223633
nearly
0.009967327117919922
0.0247344970703125
0.03661084175109863
0.05292034149169922
0.06973624229431152
0.0867621898651123
0.10567712783813477
0.12419366836547852
0.14365434646606445
0.16841793060302734
random
0.014221906661987305
0.030283212661743164
0.049256086349487305
0.07439541816711426
0.09161710739135742
0.12689757347106934
0.15006709098815918
0.33148860931396484
0.25403690338134766
0.23898625373840332
reverse
0.006345987319946289
0.013527870178222656
0.022525310516357422
0.030297040939331055
0.0366368293762207
0.048590898513793945
0.057968854904174805
0.061408042907714844
0.07242298126220703
0.08115267753601074
