correct
0.005290508270263672
0.012055635452270508
0.017805099487304688
0.026848554611206055
0.03365302085876465
0.04043936729431152
0.050022125244140625
0.05719304084777832
0.06305575370788574
0.07113766670227051
nearly
0.010888099670410156
0.025651216506958008
0.03979635238647461
0.06139516830444336
0.08160209655761719
0.0993354320526123
0.11789131164550781
0.1392529010772705
0.15814805030822754
0.18825101852416992
random
0.014954090118408203
0.032860517501831055
0.05215573310852051
0.08005428314208984
0.10917949676513672
0.1247258186340332
0.1588883399963379
0.20027470588684082
0.21030545234680176
0.26061296463012695
reverse
0.008597612380981445
0.020716428756713867
0.029193639755249023
0.04248619079589844
0.05304980278015137
0.06387877464294434
0.07523965835571289
0.08972954750061035
0.09906721115112305
0.11461091041564941
