3525
2489
6822
1164
1907
6772
4658
7754
9558
7483
5443
3144
6343
9920
8150
6034
9516
886
9358
5320
5084
2287
4000
6582
7179
5025
5332
2285
9626
5760
9541
6884
1604
2743
2619
1181
3005
9693
8379
2303
342
5574
2044
2604
5170
4088
6195
7037
6104
8556
3006
2640
5427
4209
7338
2714
300
1042
9944
9414
3377
8526
5599
9977
88
3706
2136
856
9688
4717
4235
9903
1991
5767
9146
3985
8518
1240
3397
471
8297
362
2910
316
4091
5706
5213
8019
5822
559
9112
9815
6161
9971
9842
4212
3402
9672
1590
320
2863
7159
7637
4903
9348
5193
9750
2042
5350
474
4656
8124
5886
3148
6050
7489
9742
1790
8254
883
427
1514
7909
9608
6645
4816
8711
9268
7969
4919
9068
4377
7226
8839
7024
1386
2534
8352
3125
1399
8401
4914
8745
8733
4687
354
3512
4718
3100
1532
220
2760
1762
5264
598
2452
2984
1198
205
7447
1402
7761
6248
7529
94
957
4076
1728
5611
9257
7884
7121
5493
1856
4657
3581
2711
2261
9476
5484
5883
8149
8355
8610
4380
1937
6578
9456
1732
2412
1376
2334
3828
851
5587
3861
1917
6623
3373
1998
4374
2752
2570
7783
9495
9771
1590
4186
9576
3371
8772
7829
9639
3096
9568
6733
4418
9668
4720
3976
5609
5003
9291
3187
1271
5891
2283
9862
2269
5260
6059
5191
8622
9984
7
3097
7592
6239
1517
7750
4195
3124
5626
931
1018
1663
506
6999
2787
2921
5584
292
3160
6787
6048
4223
1061
9935
4668
6570
7014
2676
1627
2978
3424
8897
589
767
2754
7729
6508
5533
8795
7196
6971
8984
9475
3260
6161
6710
20
4371
2637
8644
5551
1160
7460
9677
7176
4214
2394
2117
5506
3735
2389
7767
3134
7790
4221
385
1041
7531
2017
4908
6369
626
4336
1356
9396
4228
7125
6027
9623
4487
8016
3358
275
6616
8616
1498
2270
7960
3459
2045
9680
9031
3389
968
6168
4148
1770
952
2328
5988
8978
9886
9888
8425
4004
9307
5864
2074
4145
2824
7525
9333
8087
460
6235
1270
4531
9463
5729
4464
4141
6938
3841
5153
7451
4231
7856
8049
660
2393
3462
9924
935
7673
7142
7586
7261
2936
5221
3729
2242
2973
7558
2209
4069
5558
5142
8583
326
7688
2729
1899
8421
4553
3928
7367
5604
458
8783
2113
2743
3219
3518
3258
5776
1317
7405
4674
8710
5544
9253
7889
6260
5559
1458
7501
6469
5168
5944
7655
8601
7764
6250
8240
5080
4891
7768
614
8841
352
638
4219
1636
579
7492
436
788
665
6022
5385
7004
4058
1036
1260
9332
3692
8874
9430
7587
2363
497
9686
8868
3216
1917
6883
3034
2959
3795
225
2815
5865
673
7634
81
1569
6936
1417
1544
9224
4688
8389
202
9246
6311
8697
6919
654
7398
9435
749
2052
7560
1273
146
864
2417
5110
1559
9727
2738
2453
5557
5792
2689
7846
8311
7339
0
4859
8079
247
3786
1714
3602
2156
8525
774
349
9400
8236
1579
7197
3113
2335
6925
1268
3981
2805
8062
6903
2072
688
5389
3374
4848
7582
4117
457
8444
88
9861
1409
3567
7872
7776
9874
9919
2355
4863
3555
6997
5747
4207
3346
7020
9522
7047
9656
5031
8111
2199
3029
8620
5166
5132
5927
2263
8272
4877
7344
6990
6051
3692
2796
3728
5926
4976
9982
7745
8125
8161
1699
6183
802
4312
8278
9704
4088
9642
3079
6397
3811
3529
9729
1047
5843
2367
4287
4685
5696
2757
7044
4774
8570
3102
6974
4407
6430
4306
7622
4469
779
1181
1698
6207
1761
3481
2686
9286
2661
8249
4643
3361
2457
6454
4092
4622
278
2135
346
816
4019
6792
8063
5702
1093
7773
4001
847
1324
7304
9993
5476
3716
6477
7204
9982
7148
5205
924
640
2292
3107
9274
6470
392
9418
2065
3351
99
3183
9322
7962
7469
482
5141
3497
7998
8347
624
6515
5988
5314
645
1154
6365
3244
2508
241
6420
7623
1631
2220
7709
9796
6090
1786
734
6168
5087
4388
119
4108
1413
9533
4282
5202
41
2291
87
8824
6200
9394
6061
3814
4292
7234
7643
804
9592
9085
3989
6277
6543
7772
244
2405
7380
8455
4551
7202
3275
697
3148
3645
2164
7247
2441
6611
8499
393
620
9711
9854
7386
2603
827
6070
5931
5990
5263
8270
6585
9056
7740
6398
9950
1061
3219
6945
3563
9409
4985
782
5657
5347
7327
5320
1954
3549
4524
6323
1681
2243
3614
8328
2902
5093
1153
7371
6077
7297
5017
186
6456
6748
16
2809
7773
7555
6307
2669
737
7531
2215
4493
3850
198
1417
3992
4261
837
5823
1510
3508
4513
5698
7238
2802
5078
516
3630
6339
167
4450
8072
9363
545
177
1396
7490
2287
3737
9793
4889
449
5412
4633
2383
2023
3007
9515
2078
1485
9195
9546
8794
7674
2389
6020
948
4251
964
3085
2790
692
4534
3577
4585
5831
4435
9290
3591
7536
2391
7867
6080
7742
2238
8236
2698
5602
2133
5203
5805
4740
6629
5082
6043
276
5607
2533
8463
2664
6154
225
1943
5340
3518
6663
654
3939
9478
8019
1267
4688
1860
9233
5520
3096
4976
3658
2862
2681
4622
455
2044
6096
6611
2126
1107
7295
753
7625
2666
2471
957
985
5189
5641
6867
6913
669
4295
5638
8462
2931
7230
8905
1165
481
1632
3298
6662
3817
765
1778
8863
5768
1163
5400
5995
4277
3293
2
2673
9803
4643
5945
8502
762
7765
7851
5813
9313
233
5352
3872
6535
121
9425
4395
5312
3108
8604
9850
2406
8279
6912
9038
2018
2135
5448
2928
4217
2767
4680
2163
7956
5438
7264
2318
4851
5032
407
6171
3799
2617
5991
1065
7296
4979
2470
4889
6302
5506
9431
753
6273
8481
4050
9156
4540
9348
1314
3392
1933
5367
3745
1183
9327
5405
3798
1174
9538
5891
1946
9981
2893
4149
8172
694
5535
4744
2021
551
6296
1343
3629
9719
4900
5600
8172
6133
5240
8016
401
4199
4617
8047
5899
5344
6593
6521
2416
9292
8212
3762
7921
587
6010
7124
7979
4910
5880
4739
2965
1464
2596
1981
4551
1861
8832
1257
7997
5155
3612
5881
9574
617
4784
7599
4042
9173
7302
9748
7974
4705
387
7042
9811
1860
6854
8560
7986
3188
6202
7570
5664
8518
9879
8376
5801
7976
1499
6440
141
4024
2366
9939
1188
3936
8093
2897
2567
9569
8976
5374
1260
4082
6650
4621
4663
3386
7529
5658
2239
1869
6838
4556
7739
3102
8954
7949
9531
221
389
5453
1281
116
8064
7040
8550
740
8151
5792
3510
8887
8821
1416
3733
2136
5442
9837
3722
7821
2152
3301
7845
4687
8794
6176
3279
2261
5545
5554
1634
5057
7702
2257
435
2158
9582
3690
6916
4895
8691
2710
8225
8580
2128
6726
6077
4246
9012
3172
2859
4884
4269
6802
563
8488
1675
8553
7287
8880
8932
5990
822
9053
8972
4248
804
7124
4446
5391
6646
8807
8277
3176
5677
2417
5149
7614
8152
1045
9432
6183
829
8793
8100
4667
6309
5771
4321
8165
7692
8279
2267
788
1444
258
8139
6424
5590
1773
8820
1833
5574
4235
2908
8190
116
8003
4803
7157
7383
7301
4293
2941
637
9733
678
2139
349
4532
549
4436
8073
258
4224
4548
4914
6059
8894
3772
8893
6917
6132
1751
4056
3495
4994
3085
7558
21
2185
247
7044
8744
8492
9549
9499
4350
4301
295
8329
3291
8939
4745
8473
7802
7314
17
1446
2197
276
5580
9770
1041
5006
3432
1309
8976
6024
2382
5912
4281
7658
3220
2527
3833
9135
3636
5208
982
2760
1016
9508
7856
3308
621
8139
7769
3948
8131
8442
6623
9072
2605
7363
290
2297
8295
7830
2952
7114
3853
5947
8707
6100
5281
873
166
8093
5181
6230
4567
3456
4787
82
2696
9779
4661
8636
4434
3373
9578
1380
5822
6051
663
3934
2861
1791
665
3423
1143
3677
1894
7523
2887
7099
4384
6373
243
5020
203
7952
5788
8244
5027
9061
7258
5548
1868
4705
3892
6592
9380
7299
337
777
6365
5789
7207
3588
3481
5923
61
641
8747
3120
1844
5921
6643
6420
6393
560
5589
5088
7543
6760
4390
9201
3687
7741
7336
5353
6801
5628
3728
5802
3269
1277
4769
8477
6234
4314
7177
532
7445
4973
1165
8409
8001
5689
2193
2045
4331
6936
8874
2247
1099
3716
9624
2390
6586
9381
6647
218
2968
743
6098
1791
196
1703
6018
1401
8842
4395
3712
9490
8316
4373
2849
3745
3595
3640
9507
7126
1979
356
7741
314
4267
9621
4508
4559
4847
6909
4963
5270
1374
1113
614
5058
1209
3930
4611
8956
8279
170
4580
5485
5537
8430
266
9967
3387
2452
6735
8696
7068
1299
3679
6188
8977
1637
6719
7320
4494
5954
1224
9566
9161
3854
6662
4398
2991
8113
7447
4048
4013
8594
6632
7051
3839
4000
4843
5789
3381
6215
35
2988
7896
8401
511
6770
5319
3629
1304
3278
4353
6062
2787
2282
4171
7053
5497
8525
9125
4913
9685
4035
8025
9372
547
5044
8451
9306
5532
5125
5959
8062
2573
3346
8105
8963
8117
4258
4460
4383
433
6023
3350
6698
4548
9961
3163
4153
4350
6757
2028
1184
1084
3914
6024
4423
3234
8903
4783
8134
5210
8513
7688
7403
1433
4018
4785
2237
1776
5335
7360
1523
5779
7312
7383
6861
6580
4684
9771
6518
4274
4777
152
5014
8880
1778
4601
5980
8684
1753
819
2111
2189
5866
3770
5831
6391
5919
6946
9930
4110
110
1549
6253
5146
3817
4154
471
5258
2719
6970
8015
445
2406
2043
1146
311
9995
8271
8782
7147
3002
1478
2732
7483
2710
4813
2120
5004
2534
4507
6803
8328
2722
4236
9532
6263
476
4580
9135
7097
3062
6766
642
7526
2436
7479
4876
2733
7458
1216
8068
9434
9076
9871
8950
3308
1413
3881
9364
4594
4047
1238
6114
4830
9563
7946
6502
7454
5394
6449
7425
7567
4004
9313
1851
2447
7673
2701
127
9240
6698
230
9877
2651
3690
4698
9261
8371
4895
3840
7330
3372
2104
1887
5036
9657
3088
9556
163
2967
5675
4885
6377
4915
5027
8771
3218
6073
1217
3978
4826
2030
5627
6128
7524
7796
8667
6990
9154
9103
3115
394
2188
1925
9550
3687
3414
2524
9356
7647
8352
7370
7979
9626
8354
2414
3628
5253
9932
7031
6732
7268
4480
6445
2771
9520
5286
4293
4620
8283
9284
1378
9274
1388
5745
5929
6294
6723
4206
5989
4175
9395
1425
2690
390
2685
7634
1743
9970
4540
6483
2928
683
7380
4163
3114
6005
1827
8217
4654
2304
4664
7163
6048
5402
7734
1521
7860
3344
9728
7267
967
9980
8400
8992
1207
9750
9181
4099
4995
4266
2983
1853
2760
3805
4545
7835
449
2016
4522
9663
4733
2425
5915
6337
5865
5392
3181
3889
3637
1268
4679
3537
884
6807
1556
2223
9968
2950
6558
4101
3859
3222
8168
5480
2166
3561
2909
4395
7938
1103
2871
7465
7423
9804
8751
2201
4396
1608
5336
1338
1283
7516
3492
1325
2158
7284
3558
465
5081
6133
308
9696
2262
5459
5510
9563
6299
5790
3161
1661
5427
4212
2629
1438
3894
7701
7739
9705
6474
992
3567
1106
6430
7520
2431
6846
3192
288
9279
6515
2619
3823
8199
5544
6290
9390
9441
120
4242
8620
1740
8418
4282
875
8021
8147
2202
3279
4052
8582
9040
249
6164
4899
9326
8330
1740
6403
4229
3076
7660
2544
4721
5476
7735
1176
6796
5998
6585
4133
5925
4065
3296
7082
7727
2635
5929
1747
6147
4744
1467
8055
3237
4331
4194
6414
8646
7329
1774
4987
1659
9243
143
1567
4772
3064
5291
458
3591
54
7850
2972
1680
2566
6529
1208
7238
3560
2449
6321
6174
553
8182
1212
1847
6223
9670
1686
9638
5414
8772
2749
1677
798
5105
30
9345
1921
4937
5653
1589
4929
8590
4482
8302
3811
512
5758
4889
7881
3061
5805
2688
1270
1799
6226
2037
4609
5957
3846
8765
6814
1358
6152
5609
7624
8813
7402
6617
9933
5749
7822
3158
3423
9107
2294
8323
3226
4907
4586
1584
6068
3359
4221
759
371
6509
7810
6766
7782
3728
3771
4261
8962
2752
3973
871
6580
9183
2407
8307
371
4169
8961
7398
5429
6552
1277
8922
1300
324
8065
6710
3827
9889
666
9236
4019
2235
8882
1591
8693
1978
893
3045
5400
7052
9660
7285
2372
4218
9993
6226
8441
6803
8394
8861
4698
8226
2701
7012
246
2664
4859
3328
5316
1274
5435
4842
7134
4233
9651
4486
9904
4898
606
5193
5878
9312
6428
7239
1881
3471
5558
3014
7369
6336
4128
1765
8090
5690
5285
2719
551
6677
1879
7724
5560
1775
1163
9535
2425
7362
4437
778
1754
2125
2778
9051
3150
7671
666
7480
2978
5244
5370
3618
9575
1517
4270
6781
3218
8291
4021
2338
7589
3737
4346
1197
2911
6517
8125
5459
6374
3835
2268
8890
74
8656
1678
3530
2339
5991
5604
5456
3679
3436
3230
424
4275
7168
3510
161
1743
8647
8854
9105
6392
2201
9092
3876
8319
3079
3488
1908
194
2124
3618
7090
1075
8055
6832
7165
4057
1633
1201
3024
6348
8556
1614
5592
1791
7872
8981
2060
3311
7180
8536
2632
6859
7616
66
4115
4577
59
5707
1664
8196
7646
1655
7385
7897
2799
5546
8785
9449
2289
5203
1668
6019
2964
8879
3011
3737
66
6024
6765
1416
5295
7962
3163
9004
781
5053
7502
5826
8594
1433
1657
7176
9518
590
1012
6140
949
9785
2020
8405
1819
6366
9353
5690
5118
5850
8066
1754
8808
6194
2330
6106
7774
4328
6677
2621
5915
649
5946
4547
7160
2543
5466
1672
6182
5800
8953
4930
5241
2446
4784
1355
8303
4080
2747
73
8531
7603
9361
3768
3329
3317
7760
7586
4699
112
5215
2100
3876
5529
7253
8401
3448
9827
7640
6787
4253
1889
2349
3919
5784
5869
6056
9923
5214
284
6955
1794
3867
7162
1020
30
8669
7005
721
9735
6053
742
1683
3586
8259
1489
6729
6752
6189
6802
1896
2526
7374
3033
9258
512
1826
3236
8490
2949
8244
9941
6922
2055
152
9627
3265
5959
8126
9408
6597
5626
4556
2276
5505
5038
1371
1820
7712
3012
7784
6832
6304
4221
3611
6906
2617
4541
419
2107
1908
6565
5503
7857
7870
6576
9984
2842
4305
2467
2227
4113
3733
1370
2742
6735
1438
307
3794
5719
5699
8812
7781
8784
2238
9280
9769
1818
5021
3561
323
908
8514
6091
5513
1611
4506
3766
9272
3935
4509
3348
4142
8254
6229
7295
1828
6681
6124
7583
7566
6569
7690
7239
7549
1740
2629
1661
9701
1199
9064
445
9858
1717
3651
2813
6811
1093
516
9147
5555
3632
8142
6925
7150
2351
700
2967
9576
5553
402
7571
4111
569
1588
7176
4917
5874
3663
914
9285
6478
8199
2743
343
5628
2050
9683
6481
1683
3643
8985
8706
1183
5048
8034
2941
6718
4655
9385
541
2800
3882
138
1542
2512
2094
6420
3919
4291
43
1066
8952
6204
7307
7447
1285
8270
8117
1176
2242
8025
2650
4722
7402
7539
5290
892
3114
9102
7712
9934
5895
5903
6554
5923
7617
7961
2746
8246
5924
9397
7517
188
1120
595
3575
4959
9803
1814
9559
6228
7024
2051
2773
26
3884
8167
1601
3879
9579
2591
5
465
7368
4613
8151
3519
281
2324
5555
2503
2043
335
9955
8626
2256
1405
8166
2659
7476
678
3227
2292
3070
3877
1807
8763
397
1019
24
8587
3831
5991
6987
4762
6272
3341
7330
1459
235
4371
2168
4558
2213
4915
93
8388
2349
8354
172
6080
7154
9857
5392
653
5116
9681
5549
7414
2923
2796
5427
1262
2388
3194
4327
3573
7018
5222
884
2129
7184
4057
3538
7793
1966
6141
885
4423
5148
4238
7755
1698
8879
23
1320
6166
2563
7545
628
1927
5451
5338
2172
8032
5573
8255
2363
4754
7260
1865
4733
5342
8947
7382
1610
61
7970
9241
4372
5179
226
8127
5301
7181
2884
2088
6176
3118
5183
5751
9520
7340
2499
8894
8522
2681
4801
6591
1388
1422
6087
4591
1756
1255
2858
6200
8676
23
2616
7862
5587
267
596
8734
3773
6391
5205
333
2622
37
9505
7238
5511
9276
9927
9554
8060
304
8755
5756
2679
732
6588
4053
5321
5215
8754
5904
7193
9334
9479
7610
6754
7930
258
7089
476
450
5973
7923
3221
8130
4716
1703
3255
4170
251
1304
8000
948
2710
2644
9577
3825
9717
6506
6623
8395
8978
5644
9919
3109
9461
1370
4158
3219
4521
7747
3831
6393
8727
9113
980
8135
572
3843
2810
349
8596
6300
294
1126
7708
2058
5720
6181
7109
9488
7894
1210
4879
2851
5272
3516
2173
8873
6234
7268
3621
9096
7101
389
3857
3273
7468
9816
649
358
9279
8463
9131
6664
3171
8824
8969
3743
4774
9730
157
942
93
4233
1759
2601
7275
7638
8607
9065
18
5498
4808
871
4661
5855
3456
4237
5441
6946
6532
9613
3828
9314
6360
6898
7526
8933
4145
9723
577
5844
3724
586
1598
4921
8197
6684
2923
3380
8317
8838
9721
7049
270
4608
8829
9336
9616
1413
3953
4108
7668
6471
2618
7872
9527
7069
6453
6343
2822
2005
1219
7880
9867
9370
8437
1380
6585
8099
6473
5113
8370
6682
6143
7799
8695
599
5926
862
442
331
20
1654
8270
9341
4444
8135
375
5504
4688
6374
4140
282
7426
5044
7586
5498
5680
1749
8304
8148
7599
5905
7374
3687
9619
6998
3502
4222
5604
1575
4703
5751
1231
4522
2718
4380
7491
5033
3180
7896
7299
214
3933
9433
6679
6085
6776
6274
9040
7347
2106
8986
5819
4853
673
8465
8024
3409
6258
5375
8430
518
4750
218
1711
5333
7715
2664
1685
8390
7949
7432
984
8912
8304
13
9466
8533
3270
5480
6206
3468
2524
141
9359
2486
386
9240
4637
6747
6462
203
9094
4434
6966
2955
9319
822
3453
1969
9700
7274
2720
4276
7325
5417
2002
9637
4637
2720
2922
1375
1759
4866
6347
9530
1900
8163
1728
8070
3654
9224
9753
2739
437
7884
273
6518
7673
8699
2488
2442
3
8079
1222
9331
4255
4096
2162
5598
8641
5318
5759
6306
5567
842
2503
7087
5067
6267
7593
9901
1915
4023
4230
6099
8127
5462
9979
2295
4137
7428
7704
3815
866
2193
8450
2077
890
7888
4195
1030
3042
9409
3984
8508
9123
2489
2204
5245
7699
4973
4888
3228
6742
3813
7747
1941
1256
8138
1258
3721
8643
8821
64
8961
6123
2660
9144
6796
1922
3178
5945
8894
1175
2099
8390
6888
2101
3581
7215
8808
4235
4667
1350
5965
7537
597
4986
7920
3642
5088
6158
4856
9939
9048
7952
8673
9685
2000
9585
2837
3449
9462
9882
3079
8936
1465
1546
6232
6720
6308
552
9854
9374
4573
4905
4938
4433
1599
3699
7053
4880
5380
6419
4839
6065
7297
9688
6759
3398
2446
7193
4883
1946
273
197
5461
7535
5161
1294
8152
783
1146
9388
9223
1050
8250
7315
7946
4731
124
5979
5362
6208
5243
897
4961
851
6377
8505
1930
463
9658
9541
4331
3612
7763
5170
6361
6021
4632
4155
4607
5420
8998
439
7064
3811
2082
6100
6231
9043
2228
2063
4275
3261
397
3217
8838
5310
3974
9699
9755
5439
7710
7479
7181
8261
8305
8448
4140
3781
860
3211
5420
7805
3622
7217
3790
3226
7012
7759
5940
7551
6977
6841
9008
328
5962
7541
3571
4713
6442
7336
9206
9067
5982
8878
1667
6540
9894
3942
9961
7436
5840
8297
1467
4092
6590
2860
5155
7683
5325
2568
9572
874
5135
3953
7423
2986
7599
7494
4274
5413
6304
4884
1364
3565
9212
4802
3499
1552
6472
7346
6861
2926
8564
7534
1502
3353
4468
7381
6016
6279
2411
6907
7695
4631
6816
6117
8818
7705
8543
9591
5557
2276
4218
8575
9628
2429
4988
1448
6981
9669
3522
3479
4486
7745
2910
722
2499
1063
480
7337
1612
6583
3506
4139
3383
1367
781
6658
771
3090
1349
1839
9137
3088
1653
2038
8862
989
165
6289
7372
491
6868
530
4556
5518
1011
6939
7865
6567
4394
1912
2794
1667
9148
3685
5087
7062
627
4287
3732
6112
2610
1386
9015
4327
6623
8022
3636
928
2365
8263
6077
8702
45
6154
2323
860
8901
7328
6028
3236
6499
8673
3876
828
4808
9387
1981
8643
2335
1548
8055
4412
4016
1675
4413
5800
1954
1857
9136
1387
6650
413
242
8341
1918
9532
2004
2393
1878
8224
6440
6646
2146
5639
4760
4823
5749
7691
2904
1869
517
6595
277
5024
9221
4612
9338
577
1317
7823
9210
6752
8426
9495
3958
9466
1591
8731
7117
4610
3017
2060
610
9005
7277
9775
642
3227
5313
9512
5094
6911
2414
4625
3249
4723
6936
6851
4303
9226
4735
4053
9544
427
5436
1748
4944
1061
273
669
7103
4158
4940
7040
1525
127
6138
3528
4192
1964
1737
6882
5864
1660
6649
1925
3899
3367
2103
7083
2220
9930
8905
4136
164
7457
6410
9575
4817
7896
3954
527
2949
836
3888
1741
5546
167
9984
4846
4612
7289
9823
739
3394
2995
4441
6259
4011
4748
6141
6098
4784
6571
37
843
9835
7765
6483
6232
4485
966
7750
3599
314
3729
796
9521
4708
1318
1947
4555
3388
7034
7552
9240
5008
357
5993
5398
6465
6306
1871
9766
4510
1853
9435
8119
2422
2259
836
481
2369
1901
339
9019
485
4821
9966
9013
7489
1673
4134
6981
7281
1542
238
1979
6548
7728
2323
8188
4019
5874
7096
4551
1583
1203
227
7832
6487
1446
8253
9824
7501
3955
1507
9272
7216
8106
9791
751
9328
1873
994
4117
8047
6693
6182
3948
5814
5511
7124
9932
9919
2762
7838
6444
9644
590
2458
350
7373
5104
4891
2898
4502
1090
8
5940
1309
2288
9643
8265
6188
558
6426
101
3777
1261
560
7736
5543
168
5046
8528
4867
2458
4636
6876
9802
8363
6049
2652
9503
4652
2321
6837
7213
9291
2879
10000
5568
6321
940
7443
879
2481
5187
6167
8965
1073
5446
4919
4480
3685
8202
1949
4071
6066
2484
1262
6021
8057
4030
6082
3557
296
8223
3698
705
7847
9976
3564
5627
6800
9205
2948
5925
3119
1967
9480
4078
2815
7194
8615
1044
7824
7087
400
1738
5798
6422
5874
3414
949
9584
1605
293
7511
7732
659
8578
8564
1999
4511
9737
7927
8487
1391
5332
8588
4474
7694
5964
4292
8274
2775
7252
4962
1937
2196
7549
9800
5371
2204
2482
2112
8022
4501
4378
8457
7083
1105
3276
5163
1294
1761
4281
1243
8641
2338
4518
6310
9069
901
7924
9201
5706
687
4404
1933
8314
6660
741
7203
5962
4230
1326
16
7388
7886
64
3405
7633
7381
1128
9528
6910
6765
6483
6740
9223
7967
920
2894
2929
1624
474
2409
4708
6774
2657
2044
7728
4180
9767
8158
3376
5641
2121
1687
5375
6512
8206
7910
5197
9446
1284
7514
6632
4350
6920
924
1736
4328
9610
9579
4625
1167
4904
1556
3356
703
4041
6600
534
5155
9219
2191
5689
1251
8683
4083
1493
7069
252
631
8272
7747
1508
8094
533
1648
4100
8245
4706
8812
2688
322
1358
2762
3928
9026
5898
4793
6035
8824
73
2559
3168
4255
9528
2849
1914
8608
3029
5815
3260
4725
5280
5859
2559
4556
9266
2203
718
5530
908
3554
6823
2845
3052
9826
3797
6106
7314
5574
3208
8633
1243
8898
2155
7803
8173
1013
1766
117
3910
5471
7058
6054
1301
5588
2838
3514
4599
6951
7751
4569
9612
1532
5640
5108
6634
738
2944
7008
1424
5795
7508
1955
2203
9218
5242
8002
3796
603
2633
5009
2223
4556
2044
34
7650
4916
8775
9809
7873
3267
312
6200
6575
9160
3259
9839
2654
3340
7990
9074
6257
3697
3522
4201
7508
3403
968
9380
9129
7965
9708
2471
1167
116
9182
8592
3097
1070
4003
3070
9872
225
5257
8984
953
5354
254
5185
6291
1789
9185
3489
1386
2107
7716
829
1916
9641
3778
7865
7954
5279
7561
8277
2068
4258
5118
8543
3296
3990
1008
2961
7657
6126
3246
1264
7851
4735
8406
4346
3063
6039
2593
9214
490
1853
6740
4962
7354
1214
2481
6606
6705
8164
6952
416
7708
7983
1540
9740
5078
7351
1232
2908
2927
489
9876
1695
9494
1032
3468
8193
731
6763
5953
2333
8143
928
2929
6976
9568
7197
6369
4558
2821
9645
7293
5902
1458
3785
5374
3991
5122
9614
8671
890
3731
5557
8890
8429
5824
1931
3858
9457
6509
163
3961
8535
7772
5757
9782
3113
8542
7701
9191
1956
1023
2334
9745
9900
3592
3618
4228
9980
80
5585
9745
4852
8506
8093
3952
8112
9386
8450
1329
2179
271
7495
1916
8897
1959
6056
8200
5522
7687
5357
4672
9153
5276
5508
2196
1560
4000
7535
5581
8174
6961
671
6268
1383
8386
9254
9132
185
9987
9132
3406
7399
1789
3031
9767
1217
4792
5468
1345
7625
2648
2800
1991
4835
278
1247
59
5991
3286
8453
4597
3579
297
4623
6596
6262
6290
368
4268
1730
2750
1051
190
363
8670
3219
1864
5526
9536
5447
1102
7335
3194
2484
4756
5271
1605
4791
4880
9702
5902
3518
2658
6950
7562
5361
7835
1353
3248
915
5161
4542
6426
3904
3268
9357
3451
3451
550
5737
2695
6676
8781
241
7510
8100
8211
9491
9591
1695
6954
9548
9339
4023
8911
5037
8527
7365
968
4712
5264
5248
9912
636
9424
7856
1685
57
3766
1821
1704
5198
6447
8795
440
1187
6386
3498
8566
3348
8638
6181
2950
6193
7433
6854
6324
3409
2942
4689
2753
5129
8441
2718
1518
2366
1255
1939
1668
360
8859
5628
8533
6086
4847
9867
8057
6189
5057
8229
2502
2946
9272
7941
3991
8532
2223
2968
2684
6434
7197
7948
5471
2938
8490
2186
4320
9309
9228
4277
6922
2435
8
266
2472
6707
7037
1951
7316
4336
5757
744
533
812
3901
8825
8522
7362
8939
2763
7329
561
836
1418
4913
6444
1297
5391
3485
5679
5023
4990
1139
9552
4173
2771
1283
9318
2902
5270
26
1795
6633
9917
1678
4911
5952
2073
6437
8494
4218
8687
5621
9815
2452
516
1928
161
6605
2974
8405
4407
5236
9815
4444
3319
7018
4629
1937
4384
2994
7502
6441
7731
4823
4542
9964
8040
2837
2158
3177
1193
5170
2952
4475
8539
322
3287
1233
3159
1099
5957
6585
3687
3468
5451
2776
7489
3431
3895
3572
2289
4459
2292
9993
2230
8676
9514
5322
6548
6290
2387
2410
3101
6369
7547
7703
4771
3240
6127
3871
3423
4691
8832
8569
1404
8393
5009
6417
4578
4679
5077
7053
8567
8964
5943
4576
1296
6639
262
4433
7425
2230
1810
2513
3697
2570
9004
7269
2095
6359
1015
5677
8105
3285
905
2306
9504
5808
7766
2140
2349
731
2145
138
5498
4452
1597
9385
3839
7805
4812
3648
2102
9888
1130
4129
815
9657
6844
7951
5078
2046
9818
5476
9503
5834
581
6211
2137
7844
4765
8481
1226
4099
2342
5899
1980
3151
6142
7269
9888
9929
8598
1421
2260
4057
8039
7656
3231
1338
1908
8796
6232
266
5170
7007
1748
9564
6448
9929
1135
7749
5057
6010
1100
6763
3871
2429
5082
6611
9206
3889
9612
6771
5980
9319
5262
4602
3185
3859
840
7449
2645
4186
9434
6779
3039
7868
5943
2507
1998
620
8555
8835
1250
2114
399
2175
9981
7301
2337
8025
4901
3892
3932
339
6691
917
4823
2883
9553
350
6026
6579
776
1810
8261
1169
1114
8643
7748
9740
692
1559
3163
4194
5599
5959
1358
3699
1230
3806
7321
8197
9361
8731
8762
2320
1619
4982
3949
8980
140
4363
4375
2304
5839
5208
8076
3612
4473
9054
4653
8408
5372
8078
1787
6572
5460
7819
209
1635
9647
1808
2308
3467
2838
5572
8041
59
7975
6444
8041
9087
2984
3824
5089
8544
4179
6821
5477
6637
3853
5993
9907
7904
6386
9182
169
4509
7273
4292
4234
1998
9370
1420
3721
5261
1250
1354
1725
6093
6528
7147
6839
3375
1935
4607
1806
5326
2305
3069
1704
9851
7187
1043
3629
5214
5849
3163
6054
1693
9724
4458
4949
2894
2546
7492
3323
2732
4920
6413
6662
1597
9307
6518
5103
518
6914
3125
2600
7105
9142
952
6337
3525
5215
3397
7151
657
3384
1973
8044
7727
225
5534
6807
264
4971
8470
122
8936
6380
6397
3825
3883
9149
1563
6651
5960
7115
7407
3873
2793
3885
7548
5741
4792
9076
8471
9700
384
6674
5484
1336
4422
5446
2437
4411
6556
2773
5050
2461
5803
9014
8379
421
393
4631
5760
4889
647
1665
8800
177
4218
7002
1222
5058
5553
3225
542
1218
9846
7469
1348
4514
5712
9770
6953
2030
3183
7868
9429
280
7539
7857
3361
5182
8545
5970
6305
7538
9285
134
9175
2607
2467
3482
5417
6661
8097
9069
4971
1214
9623
6830
5934
7866
5818
7701
9726
5222
1958
1839
2953
7143
2472
1829
6165
6807
5735
1811
8916
8199
370
8115
3095
2427
3134
2256
6819
3954
7779
8307
3146
7290
323
9414
4813
2192
42
6344
3495
6757
3234
3234
8937
316
2803
615
3373
5593
3784
5422
5758
5888
3071
3007
9317
6894
5170
3278
4936
8259
2786
2403
1995
7398
1836
2112
7112
2073
115
7464
5742
1307
3064
2993
7474
7735
4056
265
8527
2072
1929
6048
3948
4349
3507
6925
5487
376
372
7240
877
2079
4645
4160
2214
1473
4045
1596
6334
4479
5917
7172
2711
9802
9737
9402
5591
7235
5652
7982
2485
6358
9330
8374
7404
5178
6374
9672
9681
1825
9844
3021
7826
9981
1039
9590
3012
3826
41
6794
1383
8938
4165
6129
6485
3584
3253
4059
4960
8437
7131
6491
3119
7963
7216
1321
9348
8110
4399
7969
8504
1101
5604
9633
6107
3345
16
7859
8355
7966
5100
8807
554
5777
6334
3620
8869
5276
5965
5675
1741
4408
9383
6297
6361
540
4097
1835
3427
738
6163
317
4188
525
7770
5789
9264
3776
5631
2873
8516
3936
4890
7986
870
3264
2656
835
7485
9168
7576
5644
6918
5772
5807
3095
4465
4418
6265
6995
7699
7073
1441
7492
644
1534
8056
652
5397
799
2891
2221
8361
4655
941
7699
2276
271
9405
8230
5144
3816
305
7343
1437
2880
3770
9477
7255
3612
5087
611
2766
8687
1446
610
3283
9361
4327
347
7949
4139
1336
6586
2737
7662
7182
8183
5839
8573
2983
1824
7805
3005
4799
7025
2822
5911
5170
8931
2947
4841
1456
9348
7603
2132
776
725
9129
2250
1248
8108
5419
5925
5449
6977
2323
676
5723
5285
7142
9603
1823
2925
5369
2397
3067
969
6896
7415
5050
6233
525
5540
3896
1548
2109
9658
5736
3381
1343
5476
9591
5853
3379
1970
7503
7549
5959
520
8564
2034
4604
4304
4676
847
7699
6160
8768
9802
302
7532
9888
5023
4178
6600
7718
5591
8924
257
2237
5604
8275
6338
9662
7037
1156
3136
3581
8723
894
7192
4231
19
1167
1499
1981
2413
9563
319
9630
5442
730
7104
7357
9063
6308
2310
863
3484
3900
6976
2439
7108
7971
7601
6069
5201
3790
8490
7246
3617
4043
6624
9083
7088
678
4823
6088
6007
3150
6530
7084
1159
9266
462
6525
5660
4364
8832
942
9582
8238
9200
5892
4406
3207
8088
7884
7244
1937
5817
3762
7937
2811
9806
2874
6362
9602
2604
1844
387
331
3132
457
9655
3008
3875
8562
8491
55
540
3113
5408
338
5843
4198
5440
3984
3744
3963
5838
8532
6002
819
3945
1814
8300
1471
7105
7822
3124
8828
6266
9084
1064
1502
4187
4833
3466
5634
1177
6110
3516
464
6316
2951
3365
3365
9365
1565
6308
9191
1094
1188
1421
9934
8844
2365
9513
2886
1929
5970
5606
6551
3156
9923
7994
4449
5717
6006
4165
9392
3446
688
1502
7055
1937
7705
9780
4984
244
8714
269
1820
9389
6543
4350
9657
6530
202
7264
2679
3622
8817
2321
555
9168
4958
2419
1697
8501
9040
1234
991
5205
6888
8585
4961
8957
6451
5649
8301
9081
7975
6472
4385
712
2947
454
5278
9454
4693
2114
5438
6792
5518
2937
7086
73
1304
8465
2906
5089
1831
9295
9491
7589
2892
4589
7935
9317
8037
8889
9280
9220
9556
5892
1654
2778
9332
2146
5164
2006
917
9472
7768
3132
9082
9091
4921
5300
1245
8434
4838
4332
510
5983
1793
7559
1691
3334
8794
1444
7941
5598
9735
4527
826
1864
683
6946
9392
6761
2897
2838
7362
3835
2821
6094
5428
3289
7038
2865
2743
3481
4016
7484
1670
930
9341
8557
6568
5567
3024
8596
126
4861
7872
5277
9376
7382
7456
1073
6195
8697
233
8882
5250
179
6201
2738
5231
5358
9011
4113
4583
8843
8004
5007
8406
2378
8332
5099
3031
638
3340
7933
6698
4606
106
7613
8439
5909
2477
894
6116
4549
9514
1830
3825
1059
9547
5722
9532
2485
275
1328
1817
5815
138
2673
9596
9824
3847
6323
4653
1399
6085
1787
3573
9808
3196
8757
3428
5670
1680
884
7862
53
8469
6923
2815
7560
4376
1423
8414
9179
9030
9156
1578
8948
1284
5007
617
7564
2300
9623
3565
7237
5397
836
278
6431
1804
7869
4939
5024
5113
9103
6837
1274
9012
9247
1496
5816
4690
2211
3706
9352
5403
217
9951
8708
5275
4041
3080
8255
362
5881
7066
2997
3238
5118
1322
6942
978
5599
5943
5215
6788
1260
4484
748
4821
5490
6415
1425
42
609
6524
3237
1311
3420
9185
5237
1054
9067
2931
3463
9058
5090
5630
881
5844
8503
5001
5780
5361
567
7080
7904
1996
5157
5835
2150
993
505
5741
2110
7523
3206
5912
7982
2755
4673
9394
1133
6705
2067
3268
3135
5935
8734
4049
2419
6645
46
996
8428
1251
3350
3076
3127
4700
1910
9147
4408
1702
3559
3378
6509
9636
9796
6509
857
3831
1983
8501
1579
5054
6265
7639
8327
4135
9007
6506
1226
1287
9920
1725
4434
6448
8214
6522
5176
1268
8130
9494
4828
3887
1846
9150
5424
8043
6276
4368
5135
5166
3019
2036
1113
1733
4937
3770
3037
1928
9600
39
7480
4583
621
3249
8585
2411
9582
410
8543
3326
3811
3342
1368
6729
1775
8260
2951
6023
5068
6235
9360
2238
6905
2900
6731
194
9974
2075
4417
6784
7414
8315
4286
5306
7431
8947
7962
205
527
1469
358
3377
5826
7211
969
8048
7861
6806
5688
9765
8275
2010
764
1188
4740
1514
4078
543
6497
1526
3523
2993
8748
5035
304
6401
2252
6087
9698
6026
9184
1963
8469
1521
8274
6923
6101
4684
3964
8424
1654
6973
5833
9565
8537
5022
6919
3503
5841
4305
9760
9304
1112
3620
1239
2624
7453
5951
1429
8170
6551
6306
3565
8228
9103
4206
7990
4790
6144
4892
5259
3132
8874
5434
7450
7389
3018
5575
1829
4520
3713
9381
3813
8730
5007
264
135
1750
8955
212
2904
8432
1723
4515
1519
6764
522
4952
1470
6015
5738
381
8573
3770
6661
8112
1914
9912
9301
6418
3679
9385
4053
4934
1449
5187
4813
5082
3230
8455
4894
7391
6666
5887
6052
1966
5986
5172
1219
8333
8187
962
4038
3155
5944
1059
2709
1369
982
9832
3133
454
994
7435
2240
465
6950
7730
4806
3371
824
5466
8560
9247
9845
3930
4605
135
4231
2777
9427
7505
9771
8183
5675
2204
6482
4561
4214
4368
8958
6457
4364
9766
6442
1899
3610
3110
5860
4582
9326
1804
3963
882
7041
5909
3364
2648
5257
8229
6096
1261
7527
4132
8431
7675
5422
9934
8927
7993
512
9205
3067
2169
2801
427
4720
635
8869
2330
2765
5103
6944
1251
4791
2250
520
5919
7062
7097
4192
8246
32
7348
4223
8800
2452
8378
8187
3583
8488
9770
2890
372
1862
822
5109
5433
1205
6734
6521
7771
6194
6337
3028
5547
1781
7177
5374
1302
9478
8526
7478
5382
9864
1753
4516
5031
3543
209
7240
5365
7218
9145
3335
5541
3019
5619
7211
4248
6264
8644
5091
4503
1002
9398
1484
5065
7611
8925
2434
8662
5275
73
695
8688
8257
9631
1774
3063
2062
9069
9216
4187
3248
3561
3199
9819
6781
908
1272
3420
6389
3699
9861
6837
4146
6787
7197
1299
7263
4125
4245
9780
6595
169
9310
8303
2202
2529
2154
7052
1849
6444
5738
4096
8243
1959
9728
4129
3
6856
1411
9763
3353
7499
2994
80
6651
1173
6686
3055
1757
7851
5663
1611
9638
5206
8885
3253
1163
8396
342
2996
3004
9101
4497
8712
7997
1383
5464
7500
1065
3784
9367
4008
9729
5441
5199
8881
9385
1660
6764
4823
2164
4478
3749
4578
7215
2199
3968
9340
872
3066
5111
3700
4075
7083
3042
4549
5640
7578
3842
7962
3547
5268
9135
2578
9539
1652
6384
9980
2430
3764
8681
3302
1039
1514
3524
8728
4674
7379
4196
7859
7394
4241
6962
3741
9630
1039
5616
496
7955
3497
617
8286
6534
8537
5655
2203
8819
3203
8517
3289
7797
29
5541
2303
2609
6167
3761
53
2814
5044
4098
190
8026
6427
3723
4419
2880
6899
2322
1977
6747
8356
1731
5029
6531
3713
9309
1012
1747
4345
9066
3922
2330
8937
4476
7795
1351
9429
8027
3751
3717
5394
5281
610
6888
1128
6090
2454
5446
5594
1605
9644
8947
2407
9300
9805
890
9126
2157
3704
5390
8420
7821
8901
2429
1000
2567
1796
351
1689
5170
4607
4718
6334
9839
3042
3753
5170
1760
2955
1064
3952
5460
8370
3567
9515
5782
3586
5845
5021
2795
4739
9069
4408
8371
7130
7487
883
5148
4767
3505
2510
8562
6929
9751
5999
3485
2895
3752
3254
5645
7912
7406
2106
5529
39
5808
4467
5838
5464
6378
9227
3322
1588
7268
4149
1178
2046
8167
697
5098
4798
350
591
2143
7256
9716
5893
7824
3674
8661
3093
5920
7275
8062
86
9987
3374
1985
4714
8459
7704
3991
3866
1781
6661
3159
8090
2500
5210
2845
186
6225
9091
3288
5884
5391
8717
7759
4277
1499
7187
579
7130
6216
5885
748
6620
5183
7431
632
6457
8165
1811
4273
3214
8228
2755
9457
4831
6355
2570
4937
2172
5708
8919
85
894
3381
4638
5210
721
3062
7254
3768
806
1831
354
9816
9149
5467
9679
2022
3968
5934
7500
3644
1757
5211
408
3619
9729
6886
2144
6827
6329
7150
1927
5225
6423
569
1761
9760
3302
8881
997
6695
1572
2069
9420
4247
7971
4368
1789
6630
662
8471
1277
3811
616
2143
1807
8790
9360
6829
6308
4025
3328
9847
7618
4376
9784
7634
3384
2480
4305
3826
5548
6718
2458
681
7931
5365
2798
9985
2047
5629
8088
7322
9895
9207
6114
2670
564
7769
1533
3143
2088
567
4592
6263
2837
8505
3092
3465
6574
8012
177
118
4151
1528
2101
562
3152
5883
8546
7097
8115
3321
2518
1830
2332
2332
7355
1032
7846
8030
5195
6761
5403
5334
1234
3285
4897
5649
4442
1409
9638
1668
8526
4485
9722
5510
8526
1840
3832
1603
9985
9683
1605
2840
2732
992
9140
170
7919
8656
3665
632
6510
7318
4061
3590
3417
6484
5919
8835
7883
3544
510
3775
4444
9784
961
4713
9945
5880
5803
3886
6714
4870
6807
4009
9183
8931
9340
7885
1844
9273
7359
1491
957
8982
4617
700
9467
6164
9895
2353
7936
2660
1923
1599
268
1840
9616
1642
809
8167
3329
3725
910
7892
5635
6681
280
7910
2088
2849
2751
2261
2593
6321
1492
4452
4517
8446
3019
6221
6282
2225
8400
6468
6142
8489
3165
7854
9125
794
1839
6974
4391
9856
9753
1035
9642
8531
5154
2468
2625
7381
6040
5693
8186
3440
2717
9740
8862
1211
7257
7036
8324
751
4500
6531
2590
8352
6658
340
2156
9478
9434
6505
765
1928
9773
3050
9294
9354
3300
5013
3793
8174
9065
2569
5040
7346
2550
3608
5284
2543
8397
7673
6710
1722
6967
6684
7290
775
2966
1792
9731
7666
1144
419
5028
9208
8859
1597
4873
3300
2341
4014
9816
5206
4651
5064
8688
9950
4576
1877
7552
8176
1808
9244
8751
348
7992
1286
2450
6734
9193
6177
620
6568
394
4651
2527
7750
4106
6094
2027
1328
2586
9998
456
6878
1172
3222
6176
7306
2689
2172
7602
9572
516
3690
1014
8889
9157
9060
8748
4156
9722
5097
2696
4282
997
4516
9529
4517
193
1568
319
651
5092
7453
5598
3638
9875
1670
3137
7943
4893
6970
3985
3568
3327
8226
1607
2132
452
4808
8910
1841
4369
9393
6030
8765
5256
9682
1517
5407
3571
7890
2412
1806
395
1892
7977
9742
2124
8546
6653
9552
1181
3522
4962
1123
333
6759
2261
1600
6487
3370
5581
2719
6759
9525
985
5375
4000
2050
7696
3448
1340
4933
8569
1677
6081
4356
9837
9394
1804
1538
2866
5504
6136
2502
1235
6180
7580
1687
8671
9200
9862
7712
7158
55
4592
3586
6381
3715
1624
6671
2085
6387
3837
4597
5077
3313
7153
1555
7204
3963
3246
9388
4582
744
5060
3985
9531
3383
8193
6287
8120
4239
3681
1520
1806
815
2659
9266
5588
3752
1270
1270
4029
5469
5072
8420
439
4311
7730
9027
4375
214
3290
8875
28
846
2553
1276
3624
9880
3829
3421
7029
9838
3191
4372
8114
1039
8409
1106
1332
9808
740
3309
3867
671
2855
3973
1337
7759
1308
8308
5037
9797
241
7778
3078
3960
3093
9169
7266
7330
3085
2481
1100
4524
1289
3547
7037
7351
2712
2638
1824
7672
8559
5281
1097
8756
7006
9453
6705
6493
6256
8033
6814
4122
2703
8000
4586
4998
7972
7677
4342
4488
6811
6241
6146
237
3875
6090
8132
8394
8475
549
7589
7705
4185
6653
5659
2770
9001
5880
7468
1929
8111
2200
4768
4483
1609
6091
4035
7276
4954
2100
2203
4723
3174
4789
3811
9585
7296
5993
6825
1269
6200
5987
6695
980
3578
5670
4354
1849
9691
316
6244
1721
8625
9274
5682
2080
9457
5055
1938
638
8975
8202
9175
710
5282
2985
4281
5311
1921
6415
9474
9951
3874
4004
129
5609
6037
5878
2452
8598
1132
4971
7470
6925
7148
7222
2976
4922
6815
8751
6620
9050
9106
7278
60
3930
6582
1457
2632
5349
982
387
4774
7884
1540
4658
2697
5289
3346
2028
7086
7951
2740
4666
9274
8999
1453
9977
3530
2054
21
1160
1828
4104
6335
6722
3583
8303
1178
6306
5843
8769
6206
9297
6496
6487
7426
137
7339
9557
8695
9024
7922
2067
5849
4612
8966
126
4885
1132
5835
6567
1368
8707
8835
4548
884
2790
6436
6122
510
5600
1511
4621
453
8798
8809
2983
7997
719
608
5241
2604
514
1783
3397
6309
5951
9189
9140
6432
3146
1032
9887
9484
2509
9144
3302
6468
6968
4854
2327
5599
8418
9532
4423
7310
4779
5291
4237
1180
243
3670
1255
6516
7471
4661
9196
1277
9486
4134
8625
6524
1416
6098
3885
478
3888
4092
8576
172
5077
8895
8213
2192
8196
204
4523
6508
8954
8440
6620
8695
2219
7957
2636
9598
6248
2930
9198
522
2308
3850
9368
3796
8755
322
2697
5108
7415
9051
1327
8086
8011
5817
9427
9805
2416
320
8185
9122
5641
4218
3791
2007
6209
7603
3114
780
5482
1957
1486
3851
3160
7462
6504
7984
7886
840
9250
6722
6540
2350
1470
797
6205
9050
9028
9552
8841
370
1154
3012
3162
186
1723
4688
3070
7032
5489
9724
7783
6132
7322
6572
6140
7276
3441
9385
9820
1650
937
5630
4575
1404
3184
1382
1453
9652
8516
4620
4814
9551
9091
7144
359
2527
2729
5066
7273
9006
1792
7664
4164
5899
7865
5587
1509
7589
8449
4232
6362
4104
1478
7448
7009
9770
4543
790
6765
4744
9402
639
5493
9363
1969
5371
5497
3789
8703
2962
8087
3120
8593
9514
9955
7420
6023
6689
7619
4971
5718
5658
5268
1497
7888
1006
2527
5333
5804
3401
7888
9683
1938
7145
6059
3155
8511
200
4112
1483
3439
4790
295
5945
6091
2186
8017
3726
9174
4377
7617
6510
3574
4111
6433
3818
3998
8121
4872
6519
3031
1211
9077
6073
6244
9958
401
2787
8710
8129
2973
781
9092
3947
4068
9728
2938
4319
7349
1645
3387
9109
3158
9698
8963
7936
1173
1305
2012
7779
2514
6775
8203
7385
9345
6965
4643
2978
1616
2266
4416
6879
8060
3448
6206
2696
5618
3368
9517
7287
1879
9612
4261
8952
9472
6576
8051
5680
5798
9331
3930
5266
9349
4758
4360
1389
8549
5371
7901
1055
5224
9214
9899
2806
9078
3457
598
6178
7870
4590
4938
4767
6540
2657
1794
3948
5368
9251
8221
9490
8223
8485
7405
9445
6372
307
5451
8546
2764
4069
6906
3392
4575
4001
2984
1054
4274
2124
414
3161
156
8198
3764
5592
7320
8453
7956
4575
7899
8152
6717
795
6719
7649
2887
3920
7373
2839
6156
9093
3185
9018
4008
5696
1686
6937
5400
4150
2385
8857
5515
5599
8662
5241
2173
6155
5198
3260
3576
9046
2112
6330
4943
6237
7560
5930
6464
3372
8579
7084
3658
7871
5936
9798
5760
9225
164
2526
7054
6803
9309
1778
1909
3253
5242
7620
255
4759
6509
3571
5686
2521
3653
5237
5529
8123
2426
9334
8976
1054
1458
7698
7562
2895
1424
4363
6415
6260
1018
2236
9221
7396
7581
389
9383
6704
3066
7548
2876
5951
5031
3708
5002
7581
4079
6364
7040
4070
1555
938
3876
1689
8028
6602
8077
9392
9218
7791
6848
4497
7320
1
8280
6835
2851
5979
8828
3124
5293
7027
4891
7702
6070
4958
799
7492
3261
9297
2
9628
7288
1458
141
2524
1969
2023
7162
1206
1493
799
2671
6557
4240
9925
8179
8977
2453
4590
315
3192
5254
8450
8765
224
9705
3451
4759
6226
4900
6419
6643
9892
266
5500
5061
8810
3294
5727
2973
6802
387
8307
5721
3879
149
7102
731
6275
9836
8885
6123
6381
5892
5126
4501
1049
9806
1736
5931
8102
1314
3030
7290
4819
5685
6974
1695
2519
8770
4495
9889
9333
8653
8905
2494
5473
8017
1993
2986
3085
2839
3185
9002
6564
4592
3409
3054
9055
4906
3953
8106
7720
1369
2208
4802
2773
6405
5338
2745
5955
1781
4045
3647
9153
5172
2157
940
3236
5991
986
3146
8318
1127
5998
8394
6062
4887
4252
1917
1287
2548
6576
3031
6494
901
9960
5885
7247
9908
6051
8057
7203
5265
5534
9926
5569
9221
9618
7085
4552
2709
5781
2069
4678
520
8460
416
9877
6390
538
7337
4182
5424
6574
5699
9429
9090
1699
6103
9030
5309
6839
2891
3584
258
2616
6493
9034
3140
6933
626
1220
1344
8059
3813
4225
355
930
6399
1381
7676
8870
6877
4318
2781
7645
6419
9311
2667
9673
2211
3589
4945
3775
4484
761
9951
7190
4617
4101
1007
7304
2704
3860
7326
3190
7718
4406
3868
709
9620
8170
1095
2616
742
9487
7743
644
4347
2206
1194
9243
2292
6002
6397
7895
6721
6944
9459
8716
1427
5261
2091
3616
6111
8833
2458
8700
1241
8110
1343
9338
4522
8723
794
8513
3089
9116
2723
2812
8008
4939
9805
9088
7603
5741
8399
5844
1133
7960
9898
8998
4608
9930
5802
8558
7544
1682
9093
8
6617
928
9429
5744
4013
7212
2684
3646
7205
975
7485
3966
9752
2711
3382
4205
8896
7602
1837
1400
4882
4694
1037
1928
3669
351
7333
1286
4842
3690
9804
3090
901
8475
3902
5403
4580
8196
2162
707
1905
7665
1784
5011
1478
4359
493
5312
2935
1473
3949
1627
2681
7312
8218
508
2809
118
3383
5218
2486
6743
634
7437
8612
1333
7595
5837
7640
5362
589
4121
5764
5594
4297
4257
6954
3236
2879
6289
4817
751
8616
8213
9232
9057
7672
2210
4858
9215
4137
7057
6034
7371
4162
1047
311
743
7011
7901
1212
1529
299
3246
8133
4309
9088
4470
4044
3458
1080
3110
5347
3292
8007
8508
2314
3527
8686
6841
4260
9656
6219
6446
2907
6040
2902
6466
3420
6286
2305
2930
2826
9332
522
2711
8301
8919
1264
1983
7314
6218
7699
5992
6623
8543
3883
9466
5059
7249
7175
1427
9772
7938
7958
5810
3539
1502
3887
5182
981
4485
2562
1347
6359
2448
9813
9330
8205
7294
4929
6983
9123
4405
6356
5196
5312
502
1719
9927
6041
4525
3437
4367
1962
6747
9133
2596
5650
4891
8422
9651
4903
7149
1970
1084
3932
537
4303
7307
1099
4754
8681
2526
7547
4088
1120
5394
8443
8163
4256
2
7989
8289
4924
7734
8059
6514
9910
5695
7678
6039
9572
9007
5177
6049
1123
3582
1512
7782
7297
1203
4378
55
710
7570
4864
5648
2032
9334
1286
8971
2148
8272
1992
7468
4102
4348
1096
8694
1084
8862
5562
9214
894
2112
4488
6298
6209
3139
8774
7012
1825
8484
6581
8691
2689
9143
4345
7355
2752
42
2104
755
123
1854
1079
6097
2655
4992
4825
1208
3679
4195
9489
2371
8188
4138
7643
1976
9177
3373
3760
5133
159
4332
5042
1448
9503
3144
9199
5892
7060
9455
9477
8274
6603
5728
1384
6122
6684
2055
5370
6912
2431
685
4232
3605
8849
325
3848
1745
2396
166
6326
3771
6305
3415
755
8052
8172
3423
3641
3993
9865
9033
7195
8192
6964
8757
372
910
6969
2236
6523
5597
1010
6127
4929
1292
9505
248
6570
9674
124
2925
6347
3792
4976
7521
370
7364
5502
3459
9177
7137
1807
741
9659
1820
1695
4995
6159
9934
6844
8513
4908
1664
7998
9566
9388
4921
1398
6236
7202
6189
1577
2589
9846
750
3813
4327
9946
7535
6289
469
4764
5874
6710
1146
7083
9393
1333
3012
6412
6239
7988
5980
1706
4440
9296
3746
9699
9752
822
9148
121
1993
1814
3887
5253
1160
1116
2912
6089
7043
4897
3674
1721
1801
3098
8122
8593
7509
1501
5337
2777
324
9589
9445
8100
1594
8016
8437
2612
3773
4591
8521
8419
7247
6768
598
8928
8244
2290
3975
8571
3283
8615
7407
8057
5471
4296
7624
9510
9013
9346
2233
2830
7314
1840
2514
8657
1356
1722
106
401
6399
5835
6741
3632
6947
4540
3764
5470
2479
1027
1015
969
6182
6587
117
2478
9423
1462
7143
4505
7533
5613
6482
8061
1181
6849
4537
5714
333
423
5090
2912
7817
2698
104
5034
3327
4362
2444
6468
245
9019
7050
7579
3315
1716
2711
4282
6788
2488
7520
2038
8236
5482
5109
4426
3182
5963
4753
465
6336
4037
1220
906
9751
4110
854
187
1096
2031
1971
1321
4008
3642
42
4695
6382
9991
4066
5144
3696
5712
5624
868
5245
6702
6113
1539
8262
6470
9879
5505
4666
3987
488
5733
5543
7314
9045
1514
6729
288
7683
8503
3213
8888
8844
5256
7648
9909
2150
682
7612
6128
7565
1615
9886
8512
4461
3270
8524
316
2846
5980
2647
6520
2192
3936
6392
3713
76
6210
7257
5114
1002
5346
3135
5634
8118
1694
7730
1833
5771
2553
4239
6068
4947
3058
513
6357
1028
6831
5732
7442
2253
2224
1233
6399
3763
7472
7645
9544
7056
1040
3609
6297
689
3453
8703
3304
3916
3918
7306
2588
4443
7126
6849
8227
3246
9119
9521
3476
8643
7662
7402
5563
109
7007
6748
2247
8828
3102
2665
8195
8630
44
1768
1694
7434
4160
647
8182
851
5924
5672
7438
2946
1647
1353
8739
8295
789
8394
225
2008
5834
7506
6936
4326
8214
3800
7162
6791
559
4705
5005
9722
423
8557
8245
8368
3529
7066
5980
4366
5350
4460
7415
1145
6309
2247
5423
2578
7190
1548
3260
8324
7905
1058
9238
5054
1923
2729
7975
6621
4319
6243
2755
2297
6266
9191
5039
8443
6156
1693
7961
8424
5214
4965
7404
1391
4797
3084
7273
3776
9998
1399
2925
9226
4070
7715
8830
4372
2950
1599
2801
2821
3946
6925
5962
4382
1632
2459
9066
6752
422
526
9406
8644
4962
2682
7063
6254
3735
5984
9716
1884
357
869
7408
5585
732
7070
1580
7118
4225
8444
7344
1848
161
6876
7030
1017
817
5209
8311
3065
1253
3305
1734
8291
4500
1058
5460
7509
4284
548
7033
5423
8461
9185
5101
2162
5123
9084
3491
9151
5334
6834
8547
4925
4452
420
7776
581
9041
7361
1157
9942
6604
8985
5804
8384
9391
437
9330
6711
1901
5630
3709
9099
2114
2394
279
3438
5390
6839
8875
9437
6103
7679
5223
9816
9700
3705
1869
5327
5158
3674
7239
1845
4198
3610
1111
6363
9280
1095
9884
7178
3673
6647
1371
6932
5545
2950
7379
6530
4133
5733
9160
4260
745
234
3416
9486
3478
6358
2621
1136
8780
4509
3474
2201
3803
5416
7393
4398
7878
5978
6699
2635
6724
8474
9986
9219
6579
3996
3257
9902
1942
8559
9652
6256
47
5667
6381
3010
4793
7802
3493
5908
4629
2572
3470
7384
1152
2970
8939
4850
2097
1745
3343
2720
6176
7618
6966
3015
8272
4632
6724
6590
9564
505
334
8980
5528
5117
9965
4006
540
6879
1975
454
3092
7986
3835
4637
1487
2623
2746
7853
1306
3568
6022
8627
7858
5614
478
9936
3330
4173
5459
5629
5869
1160
3430
9234
3737
4188
1750
4459
1810
6167
6912
7203
5564
8206
6841
1800
8637
5635
696
4417
9297
5963
1059
7036
9392
9612
6124
8199
5769
2989
7928
8126
8676
2033
4487
4585
9744
5330
8707
7117
8819
8506
2866
1153
2451
8323
5354
8987
6117
4574
21
411
7833
4449
7304
6186
2277
2285
9290
1184
3558
6374
2467
6159
2233
2746
5787
9115
4847
9653
6681
2758
7562
5907
5486
9194
7939
2056
1019
3487
8691
7538
8324
2927
8328
3349
7906
3048
4138
6931
6249
2382
1681
7267
7684
9985
7084
1299
561
8712
6444
4221
176
7
4983
1938
9942
6838
5312
4241
1486
5971
323
7990
605
7015
8714
4486
1827
2142
7283
2206
594
3104
1407
6718
9939
8628
3324
8653
2329
3642
1256
2592
5794
253
6547
4580
555
9526
7667
1941
5991
5514
4119
2438
5136
3587
2864
3488
8335
6196
1415
9415
8356
2118
8501
4731
1570
748
9421
2981
7788
1216
1742
4421
7103
5209
6827
5768
5925
7304
2584
884
271
7051
4417
7406
585
6500
5688
6502
2169
1388
4656
463
817
2360
1422
20
178
9871
5289
3447
596
2300
3961
1633
2269
1940
4221
3100
4168
9573
172
7864
3440
5466
9832
3861
1363
3166
3046
7924
8169
4537
3399
9388
5316
6850
3602
7599
113
220
96
8953
4859
6415
1560
2282
3616
1887
6813
3611
3466
2015
5223
8756
6446
6032
1670
6539
834
7559
5169
8287
7808
6735
5799
2609
3715
7745
9964
5763
472
3237
3482
9986
1291
8640
847
4695
6885
6703
8878
7782
6154
7113
4396
2936
5981
6248
579
6403
267
7438
9585
8977
2655
6864
401
426
137
5981
5926
2009
8224
9201
8027
1386
5341
9327
5731
7782
5309
841
4397
5849
675
1151
8945
6355
9213
2596
1128
4021
8387
8149
3491
9056
7981
6031
2065
6440
5081
1124
3327
6550
1019
5923
3969
4470
5415
5555
3221
5533
2148
803
4055
4516
8955
4817
6669
8521
5089
4773
6005
2509
1740
7201
7684
5361
2451
1442
4244
3491
2434
8109
2627
8855
7526
4170
5250
5996
887
9330
3926
5063
3694
7007
6760
6403
6449
5543
5667
4414
7825
7925
6239
34
1046
5318
1883
8700
7396
1959
9672
123
3669
5959
7154
9703
3345
913
1004
4596
5121
2373
3854
1278
3076
12
416
9903
4354
6277
8720
1811
9614
1024
3936
925
5643
2751
2980
5395
6185
2084
7643
1939
2462
7237
8240
3823
9817
4345
2529
467
2033
7015
1446
4351
2009
3615
9696
2481
5934
4248
5664
1761
4311
7013
7824
161
2219
1041
6422
4669
7865
5498
2584
7770
6428
2731
8385
841
5174
5166
9299
12
8908
7566
8667
6121
9327
4879
2134
4684
8280
8589
2655
2923
6611
735
8926
9031
5845
461
1336
9904
1343
893
4434
2919
4818
7540
9967
5277
5217
1829
5113
1015
7247
6309
5991
335
6739
5521
6881
4732
6114
9417
9881
2168
9281
2562
1631
7175
6030
4098
471
2445
3492
5747
2435
2840
13
2995
3081
2564
7139
5812
4419
4742
8700
6312
6562
6302
6051
23
3372
1420
1559
2372
939
7301
9741
7288
569
4932
9198
2860
1678
5522
3477
7052
2835
7979
3515
2317
7086
750
8121
6157
451
4925
3691
8763
4537
358
1920
9335
6441
3868
1632
8649
6002
5198
7691
6916
4841
2766
6628
7683
9760
7032
3931
1624
4908
9180
7148
4701
3825
5347
7963
4470
906
2207
7087
80
6837
6349
9122
4040
2389
7210
2671
8965
5265
6397
7367
4465
3441
180
7462
3971
5184
9735
8132
175
2696
3526
9306
4482
6426
8843
2412
1118
4819
8142
1080
1026
2957
2932
3050
9933
6074
4367
7840
2043
2724
2074
8093
3842
7405
3748
8725
8426
8357
3678
8570
7199
4307
6336
5021
175
4989
2694
4742
6730
3846
8203
3149
8835
983
944
2184
8260
32
4639
1265
4823
1627
574
4924
4736
1928
1900
9327
575
550
3296
7663
2131
8641
8416
4536
8199
4973
371
9946
7821
9775
1962
1421
1778
333
7517
6158
7596
5572
4105
7225
5980
1160
488
9812
9521
8997
2240
7812
7962
4853
1766
9589
7084
9770
6851
5729
4852
9877
3719
4038
9035
2534
9378
9415
4555
209
8157
4375
7300
3590
3666
8383
656
260
5165
790
6966
7712
1521
9971
3677
2298
9183
4202
3767
5354
7159
1592
2780
3482
9083
8142
7741
5367
8504
3101
4181
694
9074
447
9665
4552
8240
2297
4153
5839
1121
36
7874
5942
4152
8326
2902
3730
8508
7621
9131
9745
6255
2646
3640
2129
9821
1163
4119
4244
8074
6808
6132
5088
5736
8687
6999
879
5584
2732
6268
7891
9496
9403
8645
8736
9343
1654
793
9879
3737
3805
191
1409
7286
3761
8730
1534
7152
7080
3285
3943
4557
1157
1163
1461
6882
7569
3115
8948
6620
3461
7593
7756
1626
7207
6126
3874
2871
2228
114
3999
4203
9097
791
9931
6169
8035
6067
1433
172
3517
7378
5870
8945
6767
6455
9774
3526
7591
9685
5650
3839
1658
3443
8580
8330
3413
6077
8163
4479
4468
1891
2063
314
2532
5724
7643
5294
1901
3124
7706
5302
4278
9896
5213
5597
1436
4050
291
3411
9658
3132
2631
2953
8730
4457
8258
4940
8774
6087
3845
8512
7293
669
7031
9795
3051
3032
7196
7240
1884
2285
5318
573
6664
4145
1271
1709
717
6174
6372
5627
3784
1408
8284
2670
9263
6549
6509
2558
5185
7701
8382
5922
6852
7982
1656
3456
1354
7152
6948
1067
1969
3632
60
1660
5956
4231
992
9383
1503
9252
6891
6347
217
7787
9443
3592
6343
4108
859
6577
2755
9276
7057
3628
5610
374
7152
1498
6865
4182
5204
7265
2063
3355
7188
1267
6332
1641
7818
1007
6151
770
1803
7720
6371
2343
7941
4861
15
2471
3990
2806
8413
6349
3236
2121
3939
9151
6517
7976
6457
3465
608
940
6051
4728
3712
9137
9636
8594
5005
8219
882
6496
7191
6048
5872
3880
4785
9846
9577
5257
7406
9526
2727
7950
1895
8336
8349
6303
9256
3553
5624
7555
930
434
3667
5462
6270
4330
6572
5366
775
1150
4359
9323
8466
5758
2192
7182
3467
4512
8299
693
1576
1092
915
1134
3839
9783
3292
6023
4092
3999
7152
6408
5952
7904
7640
6843
6329
9094
5606
4414
6214
201
5194
9336
7246
7880
3151
7632
9015
5611
8272
255
5574
9922
7047
6269
5264
5099
6251
4259
2768
227
6672
9977
2301
8289
3786
53
2089
2212
2165
1133
6672
5886
9572
5860
4821
1221
671
7802
4254
9061
4122
7616
2012
6094
9624
2288
6992
100
5233
6808
333
2820
9192
3676
2606
1107
35
7470
2349
7317
611
2083
5046
8812
6244
71
5242
7553
8030
6003
5149
965
6963
3719
6622
8737
5770
3685
2980
6802
9461
9748
8755
1834
